1967
1966
1966
1965
1965
1971
1972
1979
1966
1968
1976
1959
1967
1969
1967
1975
1991
1975
1968
1982
1982
1990
1970
1973
1963
1977
1987
1971
1969
1971
1965
1969
1976
1968
1972
1971
1976
2001
1963
1967
1977
1967
1973
1975
1969
1984
1965
1988
1971
1957
1970
1975
1964
1991
1968
1956
1976
1968
1976
1969
1970
1987
1991
1971
1991
1970
2000
1979
1971
1977
1986
1972
1975
1970
1991
1984
1980
1965
1969
1971
1977
1972
1967
1967
1968
1984
1979
1968
1969
1972
1973
1978
1987
1984
1970
1969
1963
1978
1971
1968
1955
1966
1959
1970
1962
1977
2003
1971
1966
1970
1995
1966
1974
1967
1967
1965
1970
2005
1960
1968
1969
1972
1986
1967
1971
1973
1967
1973
1980
1977
1970
1977
1973
1994
1992
1974
1985
1992
1974
1978
1965
1963
1968
1988
1977
1967
1970
1973
1969
1978
2004
1979
1991
1958
1980
1989
1980
1975
1975
1971
1968
1997
1982
2002
1973
1982
1986
1977
1977
1970
1968
1971
1972
1976
1970
1976
1978
1992
2001
1965
1974
1975
1975
1990
1969
1973
1986
1967
1969
1969
1970
1969
1994
1972
1966
1998
1983
1967
2001
1979
1994
1966
1987
2006
1968
1980
1970
1970
1991
1969
1975
1994
1981
1991
1973
1986
1961
1986
1986
1970
1991
1972
1983
1999
2004
1982
1989
1987
1975
1989
1975
1972
1965
1968
2000
1992
1965
1962
1989
1972
1984
1984
1970
2000
1993
1966
1969
1959
1992
1996
1977
2001
1980
1966
1991
1977
1985
1968
1997
1978
1970
1969
1988
1970
1959
1968
1973
1972
1985
1978
1965
1997
1966
1974
1999
1975
1989
1997
1973
2000
1994
1964
1974
1978
1972
1972
1980
1968
1967
1973
1977
1975
1968
1969
1970
1985
1968
2003
1994
1971
1971
1990
1967
1994
1998
1996
1964
1956
1969
1991
1994
1988
1994
1998
1979
1969
1988
1972
1973
2001
1972
1972
1981
1976
1977
1989
1993
1988
1986
1975
1965
1982
1981
1979
1994
2007
1971
1968
1974
1981
1999
1990
1977
1973
1984
1989
1967
1960
2003
1966
1979
1985
2010
1978
1965
1970
1967
1960
1972
1979
2000
1993
1987
1971
1992
1994
1998
1972
1987
1973
2006
1979
1969
1975
1974
1995
1991
1995
1994
1973
2011
1976
1978
1966
2001
1974
1993
1985
1989
2003
1976
1970
2007
1974
2007
1973
1991
1983
1985
1995
1999
1994
1973
1972
1974
1993
1980
1989
1967
1997
1974
1977
1984
1981
1978
1999
1980
1973
1994
1957
1990
1963
2001
2002
1974
1978
2002
1978
1975
2007
2000
1973
1970
1972
1993
2002
2008
1979
1985
1985
1977
1978
1977
1972
1976
1970
1964
1983
1978
1973
2006
1971
1987
1971
1984
1978
2005
1970
1968
1994
1979
1987
1981
1987
1999
2002
1987
1965
1996
1985
1974
1987
1984
2001
1979
1997
1996
2002
1971
1995
2000
1986
1979
1972
1994
1975
1983
1985
1976
1973
1967
1983
2002
2007
1972
1969
2001
1989
1971
1998